100
0.0000	0.6768	0.6108	0.5820	0.4514	0.6738	0.3740	0.3132	0.2273	0.3943	0.7446	0.0382	0.7778	0.7993	0.6812	0.6597	0.1364	0.3516	0.0000	0.0000	0.1439	0.5005	0.4470	0.0000	0.3992	0.9839	0.4167	0.8662	0.3186	0.2069	0.3862	0.3999	0.5103	0.0901	0.6377	0.9668	0.1125	0.8120	0.3801	0.1118	0.7715	0.0000	0.9688	0.7256	0.8008	0.8442	0.8198	0.0000	0.4668	0.4829	0.0818	0.7539	0.9062	0.9541	0.9478	0.4595	0.7554	0.3838	0.8496	0.1888	0.0613	0.1967	0.2803	0.1787	0.4973	0.7432	0.5278	0.9150	0.1553	0.0101	0.3076	0.6938	0.1844	0.0240	0.2893	0.0000	0.8970	0.2852	0.1708	0.2983	0.0000	0.5088	0.7949	0.6675	0.8657	0.4485	0.0000	0.2114	0.1943	0.0521	0.6060	0.0000	0.3276	0.3564	0.3831	0.0441	0.3953	0.1572	0.1541	0.8955
0.6768	0.0000	0.1808	0.6934	0.4609	0.3450	0.9707	0.5156	0.9214	0.2177	0.5439	0.2415	0.8003	0.0632	0.2399	0.9463	0.5352	0.4639	0.3345	0.9771	0.9727	0.4919	0.4878	0.1327	0.4250	0.1870	0.5605	0.3777	0.8735	0.6724	0.8032	0.6978	0.2434	0.4841	0.3401	0.4451	0.0787	0.8599	0.9658	0.9424	0.1572	0.0529	0.4724	0.8540	0.6099	0.6436	0.0425	0.0348	0.9351	0.4773	0.4587	0.4670	0.4292	0.4058	0.1038	0.2849	0.2301	0.1055	0.4294	0.6646	0.9062	0.7544	0.0000	0.7964	0.3066	0.6309	0.1388	0.3130	0.3113	0.5869	0.9858	0.0356	0.1967	0.0000	0.4646	0.7236	0.8403	0.2227	0.0000	0.0034	0.9346	0.1109	0.4265	0.2524	0.1400	0.7002	0.0000	0.5049	0.3748	0.3435	0.0000	0.9062	0.8652	0.0524	0.8403	0.1635	0.2295	0.4802	0.6221	0.5459
0.6108	0.1808	0.0000	0.1095	0.9800	0.7607	0.6128	0.9731	0.9976	0.5894	0.4353	0.6396	0.0000	0.7412	0.0310	0.6992	0.4792	0.5996	0.0000	0.1324	0.0445	0.5381	0.3015	0.0000	0.8071	0.9692	0.5723	0.9214	0.0000	0.2571	0.3486	0.3330	0.3655	0.0339	0.4272	0.4966	0.9731	0.3713	0.0000	0.2532	0.9629	0.7559	0.0660	0.2595	0.2927	0.7734	0.2937	0.9233	0.7065	0.8667	0.8472	0.6729	0.5303	0.9097	0.1991	0.5718	0.5229	0.2859	0.0000	0.5552	0.2258	0.6558	0.1453	0.7192	0.6313	0.9604	0.6333	0.7095	0.6060	0.7778	0.0000	0.6670	0.9648	0.8848	0.7646	0.0507	0.0765	0.0000	0.7842	0.0000	0.0000	0.9004	0.1877	0.8389	0.0049	0.4258	0.2458	0.9048	0.0000	0.1125	0.3743	0.8438	0.6011	0.8545	0.0000	0.0000	0.0000	0.5234	0.0940	0.3184
0.5820	0.6934	0.1095	0.0000	0.0000	0.6323	0.4678	0.9956	0.5615	0.4331	0.6011	0.3760	0.3442	0.2932	0.0000	0.3984	0.9600	0.3691	0.0000	0.8423	0.4077	0.4282	0.9224	0.6909	0.3306	0.1410	0.9136	0.3135	0.7720	0.8853	0.3726	0.3625	0.0801	0.7520	0.1317	0.6450	0.0363	0.1415	0.7329	0.2644	0.0406	0.1277	0.2400	0.9834	0.2108	0.1575	0.0000	0.1991	0.3726	0.0000	0.3113	0.5938	0.4602	0.5742	0.0000	0.7334	0.6270	0.0316	0.0000	0.1409	0.6597	0.0000	0.5132	0.0000	0.2125	0.8984	0.6025	0.5244	0.5137	0.9146	0.7095	0.7324	0.6924	0.5591	0.0000	0.4656	0.5796	0.9043	0.5649	0.1063	0.3000	0.7798	0.2375	0.2056	0.1791	0.7524	0.7534	0.8896	0.6328	0.8267	0.2311	0.6421	0.4878	0.6899	0.9062	0.1533	0.9658	0.6284	0.1166	0.4448
0.4514	0.4609	0.9800	0.0000	0.0000	0.6714	0.9570	0.8057	0.6377	0.7710	0.2493	0.8979	0.1735	0.6089	0.0682	0.0000	0.0000	0.8584	0.0865	0.8315	0.6968	0.5200	0.3020	0.6738	0.5444	0.6382	0.3154	0.1473	0.5000	0.7002	0.1726	0.7754	0.6162	0.0007	0.0692	0.0000	0.5396	0.9214	0.0480	0.8662	0.6479	0.5337	0.4597	0.5669	0.9775	0.0177	0.3560	0.0804	0.0644	0.1771	0.0000	0.5737	0.5771	0.1936	0.0000	0.0000	0.6699	0.9438	0.4866	0.3479	0.8579	0.9106	0.0000	0.0000	0.4907	0.1030	0.8638	0.5405	0.1768	0.9141	0.0000	0.0000	0.0973	0.3000	0.9009	0.6206	0.5713	0.5376	0.5757	0.5811	0.4397	0.7568	0.4392	0.7856	0.5327	0.5894	0.3040	0.2695	0.8379	0.8276	0.9883	0.0339	0.8691	0.7168	0.4895	0.0000	0.9434	0.8203	0.7305	0.7173
0.6738	0.3450	0.7607	0.6323	0.6714	0.0000	0.6665	0.9556	0.5776	0.4358	0.2440	0.5405	0.0729	0.6743	0.0000	0.2539	0.0000	0.6821	0.7681	0.3389	0.9170	0.3813	0.1315	0.9717	0.3240	0.4067	0.0812	0.5820	0.9751	0.4346	0.3940	0.5708	0.7710	0.6167	0.7568	0.1333	0.8477	0.9961	0.0179	0.6431	0.0536	0.0000	0.4407	0.3459	0.8188	0.3267	0.0000	0.8027	0.6987	0.9609	0.7256	0.6226	0.2142	0.2001	0.3892	0.7739	0.7085	0.2791	0.1616	0.6699	0.7666	0.6079	0.0703	0.6182	0.5708	0.5444	0.2437	0.4998	0.4500	0.0000	0.5449	0.1128	0.9707	0.3247	0.7148	0.3774	0.2242	0.0958	0.4507	0.1119	0.7651	0.9917	0.2517	0.5142	0.3025	0.0199	0.6045	0.6812	0.3843	0.4312	0.5015	0.4487	0.0000	0.4758	0.2566	0.7383	0.7866	0.5771	0.0679	0.1223
0.3740	0.9707	0.6128	0.4678	0.9570	0.6665	0.0000	0.3843	0.1185	0.2673	0.8521	0.0920	0.3442	0.3921	0.6748	0.9370	0.7466	0.6445	0.6411	0.4001	0.2615	0.6753	0.3855	0.0156	0.6768	0.5376	0.0732	0.0000	0.4041	0.1073	0.7715	0.9111	0.9556	0.4619	0.4043	0.4062	0.0257	0.2808	0.7764	0.4863	0.0000	0.4185	0.0000	0.7769	0.1761	0.1891	0.3762	0.2839	0.9307	0.9531	0.5479	0.4133	0.1461	0.9829	0.2971	0.6499	0.5850	0.0314	0.5234	0.2939	0.4875	0.9370	0.7402	0.7783	0.7524	0.3833	0.7026	0.4932	0.0000	0.8145	0.7817	0.4199	0.2949	0.8813	0.3469	0.3423	0.2448	0.9434	0.8364	0.0943	0.1545	0.3159	0.5923	0.9995	0.4741	0.3850	0.5439	0.0000	0.0000	0.2345	0.5254	0.5503	0.9170	0.4172	0.3857	0.0000	0.9595	0.0084	0.8550	0.5713
0.3132	0.5156	0.9731	0.9956	0.8057	0.9556	0.3843	0.0000	0.0000	0.5625	0.3162	0.7939	0.8833	0.8721	0.6294	0.2185	0.4370	0.0000	0.1766	0.5679	0.7217	0.2979	0.8955	0.4724	0.7690	0.5269	0.8828	0.8613	0.6396	0.2399	0.0705	0.8564	0.3254	0.0000	0.6553	0.6099	0.2195	0.0000	0.7739	0.1615	0.8223	0.0568	0.3567	0.8662	0.6182	0.3044	0.0414	0.4468	0.9834	0.7466	0.1736	0.5601	0.8091	0.6807	0.4983	0.0000	0.7231	0.0000	0.3069	0.1583	0.6675	0.5303	0.7290	0.8208	0.7578	0.0000	0.4292	0.2422	0.9780	0.3633	0.9365	0.3523	0.7129	0.3665	0.6763	0.6626	0.6865	0.0430	0.5698	0.9219	0.5186	0.3850	0.0960	0.0022	0.0023	0.1791	0.1091	0.3730	0.5122	0.4006	0.4377	0.6069	0.5156	0.0000	0.2725	0.4792	0.1821	0.6587	0.0000	0.9927
0.2273	0.9214	0.9976	0.5615	0.6377	0.5776	0.1185	0.0000	0.0000	0.6484	0.0777	0.9370	0.1613	0.2244	0.2871	0.8525	0.9053	0.0493	0.6025	0.0063	0.6953	0.0125	0.9121	0.4421	0.1917	0.3762	0.1493	0.3394	0.6182	0.1082	0.8115	0.6157	0.0000	0.3394	0.4226	0.7222	0.0000	0.1654	0.0000	0.0000	0.0000	0.5010	0.0000	0.0000	0.4683	0.8813	0.0825	0.2150	0.0000	0.6006	0.1403	0.2487	0.2395	0.0000	0.8589	0.3611	0.5220	0.0000	0.5718	0.1979	0.0322	0.0988	0.4111	0.0000	0.8604	0.8120	0.5054	0.2297	0.0562	0.1689	0.7925	0.6650	0.4314	0.5391	0.2688	0.7510	0.8984	0.7876	0.5376	0.2952	0.2368	0.5454	0.3296	0.5562	0.7397	0.4133	0.5449	0.5986	0.9092	0.7778	0.5337	0.0287	0.4771	0.0000	0.2047	0.0989	0.4399	0.0000	0.6318	0.9316
0.3943	0.2177	0.5894	0.4331	0.7710	0.4358	0.2673	0.5625	0.6484	0.0000	0.4941	0.5518	0.7559	0.4475	0.6792	0.1925	0.7554	0.6519	0.6357	0.6050	0.8765	0.0075	0.8120	0.6675	0.3865	0.8047	0.5054	0.2739	0.5659	0.0000	0.7681	0.5591	0.4521	0.3804	0.3948	0.0552	0.0000	0.0605	0.3538	0.7271	0.4597	0.4702	0.0377	0.9741	0.0000	0.1912	0.3213	0.0000	0.9131	0.2996	0.9375	0.7324	0.0000	0.2488	0.7017	0.1571	0.0000	0.8896	0.5884	0.6841	0.8730	0.3745	0.1071	0.6899	0.4248	0.4241	0.8164	0.2235	0.1768	0.5957	0.6211	0.4670	0.1025	0.4011	0.8667	0.0000	0.7534	0.1914	0.6802	0.5732	0.9414	0.3577	0.5952	0.5396	0.8120	0.0000	0.5898	0.2374	0.3853	0.0000	0.6133	0.2666	0.1621	0.9604	0.0000	0.7842	0.2120	0.3447	0.1801	0.9966
0.7446	0.5439	0.4353	0.6011	0.2493	0.2440	0.8521	0.3162	0.0777	0.4941	0.0000	0.0000	0.2908	0.1154	0.8359	0.0000	0.0000	0.6475	0.0148	0.2881	0.1459	0.5796	0.6079	0.5479	0.1230	0.6567	0.2020	0.6240	0.7954	0.7173	0.6045	0.1763	0.6582	0.1906	0.0000	0.9556	0.8911	0.1108	0.5825	0.0000	0.9126	0.2695	0.0026	0.6377	0.0000	0.7163	0.8770	0.3032	0.5391	0.4043	0.3171	0.1348	0.8809	0.6069	0.0000	0.1597	0.0000	0.0000	0.4612	0.3838	0.0934	0.4424	0.1218	0.1870	0.9429	0.8604	0.8130	0.7427	0.2986	0.3572	0.7002	0.0000	0.6704	0.8418	0.7534	0.5396	0.6436	0.8232	0.4312	0.2620	0.5342	0.9087	0.6304	0.2367	0.6646	0.8008	0.6621	0.7881	0.0521	0.7583	0.9434	0.8608	0.7041	0.0586	0.6636	0.0575	0.9917	0.0367	0.3542	0.8525
0.0382	0.2415	0.6396	0.3760	0.8979	0.5405	0.0920	0.7939	0.9370	0.5518	0.0000	0.0000	0.1691	0.1805	0.1875	0.8120	0.6445	0.0434	0.6123	0.6133	0.6274	0.8755	0.6792	0.4941	0.6274	0.5410	0.2399	0.9717	0.2405	0.0000	0.1079	0.3250	0.1766	0.9048	0.5151	0.3865	0.3540	0.9160	0.3416	0.4377	0.4734	0.7236	0.1637	0.0610	0.7026	0.3289	0.5688	0.0311	0.1539	0.0000	0.1965	0.8271	0.6099	0.4675	0.2263	0.0596	0.0000	0.6147	0.1644	0.4534	0.5820	0.8916	0.0010	0.0464	0.6206	0.0737	0.7051	0.4023	0.8916	0.7925	0.6885	0.8208	0.3391	0.1024	0.3889	0.3167	0.5986	0.2020	0.9771	0.9932	0.6978	0.6460	0.5918	0.3057	0.2932	0.5049	0.1609	0.1687	0.9116	0.5664	0.6577	0.6904	0.5703	0.4358	0.7930	0.9609	0.0000	0.0961	0.4363	0.5493
0.7778	0.8003	0.0000	0.3442	0.1735	0.0729	0.3442	0.8833	0.1613	0.7559	0.2908	0.1691	0.0000	0.5166	0.4622	0.7393	0.6660	0.8066	0.5728	0.1921	0.9824	0.7080	0.8618	0.3169	0.9478	0.1183	0.1186	0.0514	0.0000	0.0000	0.5557	0.3555	0.8955	0.1057	0.8950	0.0582	0.3276	0.4375	0.0000	0.8213	0.4583	0.1267	0.5312	0.1133	0.5933	0.9316	0.0814	0.4285	0.5083	0.0857	0.3560	0.9463	0.0000	0.0000	0.1683	0.5757	0.4993	0.6489	0.8325	0.5078	0.7642	0.9272	0.7515	0.4673	0.0000	0.2089	0.7837	0.1924	0.0622	0.0000	0.2771	0.0138	0.4417	0.4485	0.6670	0.2084	0.8828	0.3027	0.0850	0.8223	0.5308	0.6592	0.1705	0.1682	0.2133	0.4216	0.2529	0.7739	0.0000	0.1533	0.5571	0.9370	0.3284	0.7627	0.9297	0.7744	0.7495	0.0000	0.2310	0.6323
0.7993	0.0632	0.7412	0.2932	0.6089	0.6743	0.3921	0.8721	0.2244	0.4475	0.1154	0.1805	0.5166	0.0000	0.0569	0.2257	0.6772	0.4265	0.0045	0.0338	0.6855	0.6016	0.8022	0.0000	0.4395	0.7344	0.9316	0.1466	0.3643	0.8545	0.7578	0.5630	0.8350	0.9775	0.5586	0.2793	0.0000	0.5020	0.0000	0.2883	0.2935	0.5259	0.0619	0.0000	0.0549	0.3704	0.1146	0.5039	0.0000	0.0000	0.2747	0.7100	0.0556	0.9819	0.0000	0.0000	0.3386	0.3486	0.7681	0.9756	0.4902	0.0000	0.7607	0.0676	0.4082	0.4700	0.8276	0.4128	0.4346	0.4565	0.5132	0.0819	0.5078	0.3799	0.2009	0.0000	0.6201	0.0375	0.0000	0.1431	0.9854	0.3525	0.8008	0.0000	0.9717	0.8564	0.7954	0.0938	0.8540	0.2410	0.9937	0.0177	0.6733	0.4346	0.2654	0.3408	0.7183	0.0833	0.7451	0.2688
0.6812	0.2399	0.0310	0.0000	0.0682	0.0000	0.6748	0.6294	0.2871	0.6792	0.8359	0.1875	0.4622	0.0569	0.0000	0.4255	0.9492	0.9985	0.8281	0.8325	0.3713	0.6187	0.7642	0.2363	0.7104	0.1752	0.6685	0.9590	0.9561	0.8501	0.1931	0.6294	0.2310	0.4141	0.7319	0.1442	0.6743	0.4663	0.8311	0.5972	0.8550	0.9458	0.8013	0.7114	0.1001	0.1876	0.0629	0.5713	0.2169	0.3184	0.3911	0.0000	0.1715	0.2922	0.2793	0.8818	0.2283	0.1194	0.9482	0.1423	0.9297	0.3516	0.5972	0.5918	0.9019	0.5239	0.0903	0.4341	0.3389	0.5254	0.5405	0.9761	0.0000	0.5195	0.2856	0.5166	0.3228	0.1488	0.1002	0.6606	0.1517	0.0000	0.2225	0.3025	0.4219	0.0000	0.9062	0.2637	0.6284	0.6245	0.8677	0.6411	0.9292	0.4426	0.0565	0.5605	0.0003	0.9424	0.2979	0.0000
0.6597	0.9463	0.6992	0.3984	0.0000	0.2539	0.9370	0.2185	0.8525	0.1925	0.0000	0.8120	0.7393	0.2257	0.4255	0.0000	0.5010	0.6431	0.0000	0.1127	0.3628	0.3665	0.9536	0.1503	0.8169	0.6704	0.7280	0.8076	0.4890	0.9595	0.5474	0.0000	0.0000	0.3523	0.0557	0.1176	0.4971	0.6865	0.0000	0.0933	0.0611	0.7314	0.0723	0.0112	0.5947	0.9790	0.0000	0.6138	0.9614	0.0000	0.2310	0.7178	0.5542	0.4058	0.0000	0.5820	0.6953	0.1565	0.0000	0.6733	0.8438	0.0000	0.0560	0.0293	0.9233	0.6650	0.0000	0.4519	0.0000	0.0350	0.0000	0.7046	0.7964	0.3826	0.6470	0.7666	0.0380	0.5249	0.1843	0.6133	0.2820	0.1187	0.5762	0.0000	0.1847	0.5933	0.4785	0.7607	0.2542	0.0000	0.8750	0.5552	0.8140	0.6777	0.1327	0.2305	0.3362	0.4404	0.3484	0.7661
0.1364	0.5352	0.4792	0.9600	0.0000	0.0000	0.7466	0.4370	0.9053	0.7554	0.0000	0.6445	0.6660	0.6772	0.9492	0.5010	0.0000	0.7144	0.0113	0.9214	0.7324	0.5708	0.8413	0.0145	0.5464	0.7524	0.8955	0.2944	0.0000	0.9512	0.6250	0.9863	0.5513	0.9033	0.5771	0.5039	0.0000	0.8608	0.6909	0.5522	0.4995	0.4722	0.0000	0.3445	0.4082	0.6792	0.0988	0.8218	0.8071	0.2063	0.7021	0.6030	0.5874	0.0596	0.0000	0.9937	0.2214	0.8745	0.0000	0.9883	0.7900	0.3767	0.0515	0.0511	0.7622	0.8755	0.8823	0.7505	0.2776	0.8760	0.5796	0.6982	0.1034	0.0000	0.8516	0.3479	0.4668	0.7295	0.4194	0.7056	0.8955	0.9355	0.0000	0.0264	0.0000	0.7490	0.9814	0.0000	0.8652	0.0000	0.6670	0.1835	0.0809	0.5977	0.7461	0.6118	0.0263	0.1908	0.8535	0.0609
0.3516	0.4639	0.5996	0.3691	0.8584	0.6821	0.6445	0.0000	0.0493	0.6519	0.6475	0.0434	0.8066	0.4265	0.9985	0.6431	0.7144	0.0000	0.3984	0.2695	0.4216	0.9204	0.8896	0.4519	0.0696	0.2079	0.0307	0.0000	0.4119	0.8394	0.4397	0.1780	0.1915	0.0928	0.6948	0.0000	0.3621	0.9224	0.6802	0.5298	0.5576	0.0076	0.2791	0.0000	0.3594	0.0280	0.9912	0.4253	0.3691	0.6724	0.8203	0.4629	0.7129	0.7437	0.1104	0.7334	0.7627	0.8779	0.2095	0.3425	0.4312	0.7046	0.7759	0.0580	0.0941	0.3110	0.9487	0.8066	0.3613	0.0000	0.0831	0.3064	0.4424	0.1639	0.5723	0.5332	0.1985	0.9668	0.3279	0.5972	0.5825	0.4102	0.9956	0.6558	0.3782	0.5698	0.3787	0.2817	0.3564	0.0000	0.8350	0.1400	0.5386	0.0000	0.2981	0.8613	0.0000	0.0948	0.4873	0.3503
0.0000	0.3345	0.0000	0.0000	0.0865	0.7681	0.6411	0.1766	0.6025	0.6357	0.0148	0.6123	0.5728	0.0045	0.8281	0.0000	0.0113	0.3984	0.0000	0.3965	0.8198	0.6602	0.0849	0.9712	0.9224	0.0599	0.1548	0.5801	0.9619	0.0000	0.1835	0.0689	0.3936	0.1932	0.3921	0.3552	0.5874	0.0000	0.1741	0.4070	0.9326	0.2335	0.7407	0.3750	0.6118	0.0081	0.7988	0.6958	0.2876	0.7646	0.2676	0.9209	0.2058	0.7632	0.0389	0.7710	0.1149	0.6738	0.0514	0.6499	0.4978	0.4868	0.6162	0.2261	0.0000	0.6812	0.4150	0.0527	0.9790	0.9419	0.0449	0.5034	0.0000	0.0000	0.6528	0.1908	0.6274	0.1613	0.2136	0.0189	0.6284	0.9839	0.4053	0.3679	0.3335	0.1512	0.3228	0.6890	0.6313	0.3237	0.4534	0.8662	0.1624	0.9185	0.7246	0.4875	0.9282	0.8589	0.1884	0.6221
0.0000	0.9771	0.1324	0.8423	0.8315	0.3389	0.4001	0.5679	0.0063	0.6050	0.2881	0.6133	0.1921	0.0338	0.8325	0.1127	0.9214	0.2695	0.3965	0.0000	0.4116	0.8315	0.1097	0.5166	0.0000	0.0439	0.7510	0.2166	0.5522	0.6997	0.8184	0.4204	0.3350	0.9097	0.9136	0.4016	0.8931	0.9131	0.2693	0.8540	0.0131	0.4465	0.0000	0.0532	0.5669	0.7944	0.6943	0.5513	0.0327	0.1683	0.9526	0.6616	0.4609	0.0115	0.5488	0.8423	0.2258	0.5317	0.5103	0.6436	0.5923	0.8281	0.9692	0.0000	0.7036	0.7109	0.4871	0.3337	0.7217	0.2126	0.0000	0.0000	0.2443	0.6553	0.8931	0.1652	0.3010	0.0787	0.2084	0.9351	0.0753	0.7529	0.7754	0.2581	0.3611	0.1410	0.5850	0.2390	0.0746	0.5288	0.1738	0.0602	0.5405	0.0434	0.9971	0.5566	0.5859	0.4773	0.0000	0.4163
0.1439	0.9727	0.0445	0.4077	0.6968	0.9170	0.2615	0.7217	0.6953	0.8765	0.1459	0.6274	0.9824	0.6855	0.3713	0.3628	0.7324	0.4216	0.8198	0.4116	0.0000	0.5923	0.1125	0.7109	0.8584	0.0000	0.5039	0.7461	0.7539	0.0000	0.6621	0.2585	0.7402	0.2844	0.8037	0.2969	0.5093	0.5039	0.0000	0.6128	0.1112	0.0651	0.0000	0.9033	0.3118	0.9834	0.6416	0.3723	0.5762	0.7051	0.0000	0.9990	0.8687	0.8936	0.9995	0.7446	0.5039	0.2249	0.8716	0.2532	0.4146	0.0000	0.6558	0.0000	0.1730	0.1129	0.7192	0.4377	0.7251	0.7588	0.9824	0.3489	0.1196	0.3142	0.9663	0.1643	0.7378	0.4485	0.7974	0.8599	0.4983	0.5635	0.3218	0.0979	0.0988	0.2437	0.2426	0.9521	0.0444	0.8384	0.0617	0.0000	0.9858	0.6846	0.3047	0.6226	0.7358	0.8301	0.1461	0.9224
0.5005	0.4919	0.5381	0.4282	0.5200	0.3813	0.6753	0.2979	0.0125	0.0075	0.5796	0.8755	0.7080	0.6016	0.6187	0.3665	0.5708	0.9204	0.6602	0.8315	0.5923	0.0000	0.7495	0.9204	0.0707	0.9360	0.0000	0.7793	0.1761	0.7666	0.7085	0.4358	0.6797	0.2634	0.1610	0.4055	0.8530	0.1853	0.2390	0.4646	0.6147	0.9238	0.6104	0.2817	0.0000	0.3242	0.6768	0.9253	0.9326	0.0000	0.5737	0.2820	0.8467	0.1952	0.8970	0.2820	0.1422	0.0257	0.4363	0.3501	0.7178	0.8613	0.4280	0.9360	0.9951	0.3584	0.0000	0.1742	0.0685	0.2622	0.3357	0.9917	0.3052	0.1555	0.9487	0.0000	0.6011	0.6460	0.8101	0.4656	0.7773	0.6133	0.0876	0.0082	0.7681	0.0161	0.7734	0.3694	0.9146	0.0442	0.0496	0.9087	0.2007	0.7671	0.1930	0.5728	0.1985	0.5312	0.0000	0.7280
0.4470	0.4878	0.3015	0.9224	0.3020	0.1315	0.3855	0.8955	0.9121	0.8120	0.6079	0.6792	0.8618	0.8022	0.7642	0.9536	0.8413	0.8896	0.0849	0.1097	0.1125	0.7495	0.0000	0.0000	0.5679	0.8613	0.3142	0.5449	0.6270	0.9224	0.6611	0.0231	0.0000	0.0000	0.4785	0.0131	0.0000	0.3198	0.9028	0.0000	0.3589	0.4114	0.9233	0.7041	0.1089	0.9868	0.6577	0.8774	0.0000	0.8257	0.9937	0.1664	0.0702	0.0209	0.0000	0.5039	0.0002	0.7554	0.1348	0.7910	0.3040	0.4761	0.0615	0.1494	0.0009	0.5957	0.0370	0.1165	0.3887	0.9658	0.5239	0.5825	0.3076	0.0068	0.0000	0.0225	0.5308	0.0000	0.9824	0.6367	0.2783	0.3638	0.9590	0.2131	0.9014	0.4290	0.0000	0.7222	0.5024	0.0493	0.1294	0.8086	0.6245	0.6436	0.0000	0.9370	0.8521	0.3962	0.9453	0.4949
0.0000	0.1327	0.0000	0.6909	0.6738	0.9717	0.0156	0.4724	0.4421	0.6675	0.5479	0.4941	0.3169	0.0000	0.2363	0.1503	0.0145	0.4519	0.9712	0.5166	0.7109	0.9204	0.0000	0.0000	0.5986	0.1495	0.7002	0.2505	0.0602	0.0000	0.5327	0.0717	0.9365	0.9766	0.7515	0.1571	0.4875	0.3745	0.8877	0.7632	0.2976	0.8579	0.1722	0.3020	0.0291	0.2432	0.7407	0.0771	0.2954	0.8115	0.0988	0.9370	0.2207	0.7627	0.3616	0.4497	0.3230	0.5459	0.4465	0.0000	0.4343	0.5259	0.1120	0.5991	0.2563	0.4651	0.3789	0.0974	0.3337	0.6255	0.0105	0.1737	0.9175	0.4307	0.0298	0.0000	0.7319	0.6855	0.0000	0.5981	0.0397	0.9990	0.0269	0.6528	0.4512	0.8418	0.5298	0.4524	0.7139	0.0774	0.7261	0.9116	0.4270	0.0000	0.0000	0.4922	0.4297	0.3916	0.6270	0.5703
0.3992	0.4250	0.8071	0.3306	0.5444	0.3240	0.6768	0.7690	0.1917	0.3865	0.1230	0.6274	0.9478	0.4395	0.7104	0.8169	0.5464	0.0696	0.9224	0.0000	0.8584	0.0707	0.5679	0.5986	0.0000	0.7227	0.6411	0.1021	0.7656	0.5459	0.1549	0.9351	0.2151	0.7432	0.3435	0.7275	0.0000	0.6387	0.1031	0.5957	0.6465	0.4929	0.9360	0.0000	0.0000	0.0378	0.6606	0.0000	0.0976	0.0000	0.4929	0.1571	0.8613	0.3518	0.3237	0.1857	0.5908	0.2139	0.6235	0.5396	0.1087	0.1562	0.1211	0.0443	0.0000	0.6875	0.5210	0.6304	0.5830	0.8267	0.6816	0.9414	0.6777	0.7368	0.5566	0.1152	0.5586	0.2471	0.4177	0.0000	0.6001	0.1659	0.3281	0.7974	0.8608	0.7554	0.1703	0.3684	0.8569	0.8550	0.6611	0.9023	0.0000	0.8999	0.7910	0.9268	0.4187	0.8794	0.1562	0.5864
0.9839	0.1870	0.9692	0.1410	0.6382	0.4067	0.5376	0.5269	0.3762	0.8047	0.6567	0.5410	0.1183	0.7344	0.1752	0.6704	0.7524	0.2079	0.0599	0.0439	0.0000	0.9360	0.8613	0.1495	0.7227	0.0000	0.6255	0.4812	0.2698	0.6426	0.5054	0.5679	0.7544	0.5015	0.4822	0.7529	0.8716	0.7559	0.8433	0.7095	0.9819	0.2494	0.1388	0.1681	0.6973	0.0941	0.0570	0.0000	0.9072	0.5610	0.0551	0.4980	0.4644	0.0242	0.4924	0.2834	0.7305	0.4788	0.8418	0.3108	0.6309	0.8530	0.9443	0.2352	0.9932	0.0690	0.9673	0.7183	0.0000	0.2893	0.7949	0.1013	0.7646	0.1368	0.3579	0.0000	0.1593	0.7422	0.9756	0.0000	0.1047	0.9976	0.1967	0.2355	0.6338	0.0412	0.3323	0.8760	0.3774	0.3650	0.0000	0.6108	0.7065	0.7568	0.4678	0.0000	0.6826	0.3323	0.7793	0.0191
0.4167	0.5605	0.5723	0.9136	0.3154	0.0812	0.0732	0.8828	0.1493	0.5054	0.2020	0.2399	0.1186	0.9316	0.6685	0.7280	0.8955	0.0307	0.1548	0.7510	0.5039	0.0000	0.3142	0.7002	0.6411	0.6255	0.0000	0.5103	0.1289	0.0202	0.8311	0.2478	0.7515	0.9829	0.6831	0.0000	0.7280	0.0000	0.9976	0.6396	0.9678	0.3757	0.8984	0.5244	0.9854	0.1970	0.2185	0.3132	0.7754	0.7246	0.8037	0.2622	0.3921	0.3176	0.8276	0.2001	0.6816	0.4612	0.0000	0.1554	0.3770	0.3137	0.2380	0.4668	0.7285	0.9736	0.9604	0.0000	0.0000	0.3518	0.8301	0.8975	0.0000	0.3374	0.4426	0.0000	0.6763	0.6968	0.6729	0.4880	0.6875	0.0601	0.4626	0.0000	0.0935	0.9258	0.9531	0.1631	0.2111	0.1627	0.3027	0.0000	0.3923	0.9414	0.1882	0.5981	0.0137	0.6348	0.7417	0.2654
0.8662	0.3777	0.9214	0.3135	0.1473	0.5820	0.0000	0.8613	0.3394	0.2739	0.6240	0.9717	0.0514	0.1466	0.9590	0.8076	0.2944	0.0000	0.5801	0.2166	0.7461	0.7793	0.5449	0.2505	0.1021	0.4812	0.5103	0.0000	0.5542	0.0771	0.9043	0.3904	0.5698	0.9766	0.0384	0.1963	0.4731	0.9766	0.2163	0.3235	0.4871	0.5122	0.7100	0.2637	0.1609	0.0000	0.4041	0.8706	0.8657	0.8125	0.2256	0.4065	0.4470	0.7153	0.3872	0.0014	0.1899	0.3521	0.1056	0.0376	0.4719	0.0000	0.0000	0.1910	0.6689	0.0000	0.3157	0.6694	0.5054	0.2062	0.8027	0.8994	0.0000	0.5269	0.5737	0.2556	0.9531	0.1454	0.0138	0.7573	0.7920	0.5918	0.0000	0.2157	0.1750	0.1401	0.1724	0.4041	0.5796	0.0012	0.5801	0.8364	0.8154	0.9277	0.7612	0.2152	0.0798	0.7393	0.4639	0.8975
0.3186	0.8735	0.0000	0.7720	0.5000	0.9751	0.4041	0.6396	0.6182	0.5659	0.7954	0.2405	0.0000	0.3643	0.9561	0.4890	0.0000	0.4119	0.9619	0.5522	0.7539	0.1761	0.6270	0.0602	0.7656	0.2698	0.1289	0.5542	0.0000	0.1708	0.9326	0.9746	0.0184	0.4141	0.8452	0.5830	0.5845	0.1813	0.0983	0.5742	0.0000	0.8174	0.7075	0.2004	0.5186	0.0123	0.8213	0.9395	0.7588	0.5420	0.1986	0.4983	0.3989	0.6040	0.7241	0.9624	0.0000	0.0000	0.3716	0.4656	0.0000	0.4756	0.0597	0.3325	0.6919	0.2465	0.1256	0.0000	0.3945	0.2314	0.2998	0.3699	0.0000	0.8843	0.2756	0.7197	0.1533	0.5391	0.6060	0.4775	0.4119	0.0000	0.7153	0.0122	0.6255	0.2983	0.0517	0.4412	0.4250	0.0255	0.2808	0.2406	0.1449	0.6978	0.3953	0.5420	0.7031	0.7559	0.7651	0.0000
0.2069	0.6724	0.2571	0.8853	0.7002	0.4346	0.1073	0.2399	0.1082	0.0000	0.7173	0.0000	0.0000	0.8545	0.8501	0.9595	0.9512	0.8394	0.0000	0.6997	0.0000	0.7666	0.9224	0.0000	0.5459	0.6426	0.0202	0.0771	0.1708	0.0000	0.3669	0.4880	0.6157	0.0000	0.4163	0.1036	0.0811	0.1718	0.0147	0.9512	0.0828	0.5283	0.5698	0.1857	0.5273	0.5562	0.9053	0.1833	0.0000	0.9795	0.0757	0.1086	0.0000	0.0027	0.7710	0.3650	0.7324	0.5840	0.1392	0.2367	0.3264	0.9595	0.9014	0.5308	0.6348	0.5332	0.9414	0.4404	0.5801	0.9194	0.1520	0.0000	0.0536	0.9297	0.1964	0.4910	0.9419	0.1973	0.0000	0.3994	0.3447	0.5068	0.8799	0.8521	0.2213	0.0000	0.1945	0.6255	0.0156	0.1556	0.4949	0.7183	0.4968	0.2690	0.0000	0.1235	0.0699	0.3469	0.1989	0.0000
0.3862	0.8032	0.3486	0.3726	0.1726	0.3940	0.7715	0.0705	0.8115	0.7681	0.6045	0.1079	0.5557	0.7578	0.1931	0.5474	0.6250	0.4397	0.1835	0.8184	0.6621	0.7085	0.6611	0.5327	0.1549	0.5054	0.8311	0.9043	0.9326	0.3669	0.0000	0.4275	0.4094	0.2578	0.5195	0.0000	0.9214	0.3772	0.0341	0.7495	0.0000	0.1924	0.4055	0.7642	0.2764	0.7085	0.1757	0.6958	0.3491	0.6787	0.9854	0.5786	0.3733	0.4348	0.3679	0.0000	0.1236	0.0536	0.2128	0.6128	0.3582	0.5566	0.5840	0.9346	0.2866	0.5596	0.4231	0.8735	0.3713	0.8760	0.1667	0.1831	0.3591	0.6895	0.4700	0.6260	0.0000	0.0000	0.6841	0.1921	0.3210	0.8442	0.7432	0.4285	0.8979	0.4390	0.4202	0.0795	0.1985	0.1117	0.0383	0.8599	0.0048	0.7783	0.9023	0.2396	0.6045	0.6699	0.2048	0.0000
0.3999	0.6978	0.3330	0.3625	0.7754	0.5708	0.9111	0.8564	0.6157	0.5591	0.1763	0.3250	0.3555	0.5630	0.6294	0.0000	0.9863	0.1780	0.0689	0.4204	0.2585	0.4358	0.0231	0.0717	0.9351	0.5679	0.2478	0.3904	0.9746	0.4880	0.4275	0.0000	0.0000	0.8315	0.0285	0.7622	0.6250	0.7017	0.1334	0.4500	0.9756	0.3293	0.8003	0.8213	0.0000	0.0620	0.0000	0.3037	0.4639	0.1594	0.5791	0.2098	0.2925	0.5884	0.5732	0.2866	0.2805	0.5513	0.9517	0.0000	0.8906	0.1611	0.0000	0.5264	0.5942	0.9551	0.9932	0.3020	0.3972	0.2319	0.1675	0.1715	0.9897	0.5430	0.2440	0.2177	0.1489	0.7036	0.0000	0.0748	0.8184	0.6909	0.1153	0.3049	0.0106	0.4058	0.9756	0.8560	0.0563	0.6025	0.1318	0.3948	0.8750	0.2384	0.4707	0.6372	0.2252	0.9746	0.0000	0.5234
0.5103	0.2434	0.3655	0.0801	0.6162	0.7710	0.9556	0.3254	0.0000	0.4521	0.6582	0.1766	0.8955	0.8350	0.2310	0.0000	0.5513	0.1915	0.3936	0.3350	0.7402	0.6797	0.0000	0.9365	0.2151	0.7544	0.7515	0.5698	0.0184	0.6157	0.4094	0.0000	0.0000	0.4180	0.4604	0.5635	0.2815	0.6367	0.5132	0.8091	0.9014	0.1307	0.0000	0.5322	0.5840	0.5186	0.5459	0.1741	0.0343	0.0000	0.8740	0.5459	0.6118	0.9951	0.3254	0.8872	0.6343	0.7065	1.0000	0.0000	0.1724	0.0000	0.8027	0.4932	0.9795	0.2474	0.2089	0.5142	0.8091	0.4043	0.0000	0.7183	0.8545	0.1823	0.0441	0.0363	0.4980	0.1202	0.3120	0.8574	0.6016	0.0000	0.7983	0.3457	0.2118	0.9106	0.1621	0.2788	0.8672	0.7383	0.3623	0.0370	0.2131	0.1733	0.6455	0.2097	0.0124	0.3965	0.9546	0.0000
0.0901	0.4841	0.0339	0.7520	0.0007	0.6167	0.4619	0.0000	0.3394	0.3804	0.1906	0.9048	0.1057	0.9775	0.4141	0.3523	0.9033	0.0928	0.1932	0.9097	0.2844	0.2634	0.0000	0.9766	0.7432	0.5015	0.9829	0.9766	0.4141	0.0000	0.2578	0.8315	0.4180	0.0000	0.6875	0.8867	0.8389	0.6021	0.6479	0.7500	0.8110	0.8496	0.0583	0.4045	0.9434	0.7969	0.4011	0.3047	0.1953	0.6138	0.8506	0.0295	0.0388	0.4578	0.4036	0.0000	0.5454	0.8335	0.7871	0.8286	0.5981	0.7451	0.9170	0.6841	0.1392	0.7642	0.7017	0.7847	0.0000	0.0000	0.6294	0.3313	0.0000	0.3853	0.0000	0.0174	0.4680	0.9624	0.0158	0.8340	0.0000	0.9360	0.2483	0.0000	0.4048	0.8359	0.6074	0.1537	0.0770	0.1909	0.8296	0.5625	0.9302	0.6953	0.8501	0.3674	0.0000	0.7212	0.2202	0.0941
0.6377	0.3401	0.4272	0.1317	0.0692	0.7568	0.4043	0.6553	0.4226	0.3948	0.0000	0.5151	0.8950	0.5586	0.7319	0.0557	0.5771	0.6948	0.3921	0.9136	0.8037	0.1610	0.4785	0.7515	0.3435	0.4822	0.6831	0.0384	0.8452	0.4163	0.5195	0.0285	0.4604	0.6875	0.0000	0.6025	0.0000	0.0000	0.8550	0.9971	0.3469	0.0000	0.9248	0.9985	0.4246	0.4126	0.6606	0.0749	0.8091	0.6304	0.6333	0.8691	0.0000	0.0000	0.5996	0.3186	0.1892	0.9634	0.3591	0.6763	0.3743	0.1973	0.9761	0.3228	0.5527	0.9155	0.9487	0.0896	0.0000	0.1906	0.4487	0.5776	0.1969	0.3254	0.4392	0.8281	0.2998	0.5107	0.0710	0.5537	0.1282	0.3220	0.3862	0.9087	0.6694	0.1460	0.0000	0.2571	0.0000	0.2465	0.7109	0.3687	0.6172	0.7480	0.3013	0.0000	0.5059	0.8447	0.3442	0.9888
0.9668	0.4451	0.4966	0.6450	0.0000	0.1333	0.4062	0.6099	0.7222	0.0552	0.9556	0.3865	0.0582	0.2793	0.1442	0.1176	0.5039	0.0000	0.3552	0.4016	0.2969	0.4055	0.0131	0.1571	0.7275	0.7529	0.0000	0.1963	0.5830	0.1036	0.0000	0.7622	0.5635	0.8867	0.6025	0.0000	0.1494	0.4980	0.8174	0.0325	0.0000	0.3911	0.6924	0.4355	0.8867	0.0000	0.1076	0.8481	0.4248	0.8296	0.0000	0.0000	0.4307	0.3843	0.0629	0.1824	0.6875	0.0000	0.2139	0.1859	0.7314	0.7856	0.2198	0.3853	0.6948	0.3555	0.5981	0.1412	0.6650	0.9429	0.8022	0.2566	0.2473	0.0000	0.7974	0.8638	0.0715	0.9766	0.2024	0.4370	0.7617	0.8608	0.3215	0.9424	0.4297	0.0844	0.1823	0.0000	0.0000	0.9609	0.2357	0.3538	0.8237	0.5728	0.9609	0.8115	0.1672	0.4529	0.7729	0.7510
0.1125	0.0787	0.9731	0.0363	0.5396	0.8477	0.0257	0.2195	0.0000	0.0000	0.8911	0.3540	0.3276	0.0000	0.6743	0.4971	0.0000	0.3621	0.5874	0.8931	0.5093	0.8530	0.0000	0.4875	0.0000	0.8716	0.7280	0.4731	0.5845	0.0811	0.9214	0.6250	0.2815	0.8389	0.0000	0.1494	0.0000	0.9785	0.0282	0.2537	0.0000	0.3052	0.1033	0.8970	0.2025	0.4629	0.2247	0.0285	0.7788	0.8374	0.4653	0.0000	0.0000	0.4517	0.6406	0.4324	0.0000	0.3796	0.9507	0.0872	0.8804	0.6616	0.0000	0.3967	0.1044	0.8447	0.7671	0.3530	0.3962	0.4871	0.9321	0.6436	0.0000	0.8228	0.1410	0.2070	0.7354	0.0139	0.9951	0.7188	0.9146	0.4871	0.3438	0.8784	0.0894	0.2101	0.6963	0.6235	0.5483	0.8110	0.2527	0.7114	0.0958	0.0000	0.7803	0.9619	0.4163	0.8462	0.5557	0.1552
0.8120	0.8599	0.3713	0.1415	0.9214	0.9961	0.2808	0.0000	0.1654	0.0605	0.1108	0.9160	0.4375	0.5020	0.4663	0.6865	0.8608	0.9224	0.0000	0.9131	0.5039	0.1853	0.3198	0.3745	0.6387	0.7559	0.0000	0.9766	0.1813	0.1718	0.3772	0.7017	0.6367	0.6021	0.0000	0.4980	0.9785	0.0000	0.4592	0.2278	0.3127	0.5537	0.7437	0.1283	0.5430	0.3953	0.7188	0.8218	0.9937	0.8525	0.0370	0.7114	0.0344	0.0000	0.0000	0.9478	0.3669	0.0426	0.0000	0.4612	0.7251	0.4558	0.0000	0.5044	0.5439	0.4041	0.7505	0.2532	0.0799	0.0000	0.0000	0.9404	0.7832	0.3159	0.6558	0.0547	0.6372	0.0000	0.3220	0.2159	0.4285	0.2338	0.2834	0.0049	0.2128	0.4045	0.3008	0.4055	0.4875	0.5942	0.0000	0.7744	0.0169	0.4485	0.9258	0.4260	0.7949	0.2180	0.3662	0.4375
0.3801	0.9658	0.0000	0.7329	0.0480	0.0179	0.7764	0.7739	0.0000	0.3538	0.5825	0.3416	0.0000	0.0000	0.8311	0.0000	0.6909	0.6802	0.1741	0.2693	0.0000	0.2390	0.9028	0.8877	0.1031	0.8433	0.9976	0.2163	0.0983	0.0147	0.0341	0.1334	0.5132	0.6479	0.8550	0.8174	0.0282	0.4592	0.0000	0.9497	0.6567	0.8091	0.0000	0.5522	0.6230	0.0230	0.0000	0.0000	0.2152	0.7476	0.3735	0.0403	0.7075	0.0651	0.6284	0.0911	0.9233	0.2286	0.0906	0.1290	0.3516	0.2676	0.5098	0.0000	0.5811	0.0144	0.7632	0.2800	0.1163	0.6709	0.2798	0.8384	0.9136	0.0000	0.4880	0.5366	0.6011	0.2006	0.7251	0.1699	0.0000	0.5669	0.9907	0.9458	0.0698	0.8384	0.2820	0.8926	0.9292	0.2020	0.3848	0.7725	0.3689	0.8843	0.3621	0.5459	0.1278	0.7441	0.1595	0.6650
0.1118	0.9424	0.2532	0.2644	0.8662	0.6431	0.4863	0.1615	0.0000	0.7271	0.0000	0.4377	0.8213	0.2883	0.5972	0.0933	0.5522	0.5298	0.4070	0.8540	0.6128	0.4646	0.0000	0.7632	0.5957	0.7095	0.6396	0.3235	0.5742	0.9512	0.7495	0.4500	0.8091	0.7500	0.9971	0.0325	0.2537	0.2278	0.9497	0.0000	0.0023	0.1388	0.2010	0.5596	0.0499	0.7578	0.1295	0.4724	0.0960	0.0000	0.3889	0.3792	0.7466	0.6045	0.0000	0.0000	0.1333	0.5093	0.2964	0.5752	0.7300	0.3337	0.8882	0.7114	0.5781	0.0857	0.7666	0.0000	0.0000	0.6509	0.9131	0.1931	0.7715	0.9385	0.4395	0.9712	0.0172	0.8115	0.7896	0.9277	0.8311	0.1044	0.6313	0.0214	0.9224	0.5508	0.8169	0.5977	0.2617	0.9160	0.8193	0.0230	0.1890	0.1730	0.9185	0.1208	0.3594	0.6626	0.6606	0.3086
0.7715	0.1572	0.9629	0.0406	0.6479	0.0536	0.0000	0.8223	0.0000	0.4597	0.9126	0.4734	0.4583	0.2935	0.8550	0.0611	0.4995	0.5576	0.9326	0.0131	0.1112	0.6147	0.3589	0.2976	0.6465	0.9819	0.9678	0.4871	0.0000	0.0828	0.0000	0.9756	0.9014	0.8110	0.3469	0.0000	0.0000	0.3127	0.6567	0.0023	0.0000	0.5967	0.2164	0.0505	0.2335	0.4219	0.2341	0.1412	0.0049	0.0000	0.4673	0.4919	0.0000	0.9487	0.1476	0.8882	0.4644	0.7793	0.6948	0.5874	0.6074	0.6641	0.4165	0.8301	0.9053	0.7456	0.3733	0.0000	0.4795	0.0066	0.3325	0.1001	0.3350	0.0450	0.8525	0.8945	0.1866	0.6807	0.2430	0.7183	0.1279	0.9971	0.5913	0.0396	0.5698	0.3127	0.4832	0.6719	0.7026	0.2981	0.0000	0.2549	0.2773	0.5010	0.3770	0.2448	0.8423	0.3433	0.3086	0.5708
0.0000	0.0529	0.7559	0.1277	0.5337	0.0000	0.4185	0.0568	0.5010	0.4702	0.2695	0.7236	0.1267	0.5259	0.9458	0.7314	0.4722	0.0076	0.2335	0.4465	0.0651	0.9238	0.4114	0.8579	0.4929	0.2494	0.3757	0.5122	0.8174	0.5283	0.1924	0.3293	0.1307	0.8496	0.0000	0.3911	0.3052	0.5537	0.8091	0.1388	0.5967	0.0000	0.5762	0.2612	0.5986	0.0831	0.4961	0.9448	0.9688	0.7666	0.3726	0.5498	0.5757	0.5410	0.5981	0.9341	0.4768	0.0000	0.9277	0.3176	0.8193	0.5176	0.2220	0.9121	0.9160	0.3550	0.5405	0.5117	0.1715	0.0000	0.8931	0.6353	0.7607	0.5864	0.2064	0.0316	0.6357	0.1880	0.4595	0.3311	0.8423	0.3157	0.1792	0.2313	0.4185	0.4871	0.5093	0.1245	0.0000	0.5835	0.0161	0.4661	0.8779	0.5459	0.1399	0.0000	0.0129	0.4082	0.8135	0.2781
0.9688	0.4724	0.0660	0.2400	0.4597	0.4407	0.0000	0.3567	0.0000	0.0377	0.0026	0.1637	0.5312	0.0619	0.8013	0.0723	0.0000	0.2791	0.7407	0.0000	0.0000	0.6104	0.9233	0.1722	0.9360	0.1388	0.8984	0.7100	0.7075	0.5698	0.4055	0.8003	0.0000	0.0583	0.9248	0.6924	0.1033	0.7437	0.0000	0.2010	0.2164	0.5762	0.0000	0.3452	0.8979	0.4387	0.6362	0.4890	0.4636	0.4939	0.6318	0.5728	0.1022	0.3403	0.4565	0.6831	0.3877	0.3943	0.0681	0.1370	0.6509	0.0199	0.1804	0.6187	0.8608	0.9238	0.0000	0.4038	0.0000	0.0000	0.7148	0.3459	0.5288	0.3979	0.1152	0.6152	0.3625	0.0131	0.2126	0.7573	0.0782	0.0000	0.5703	0.3542	0.1163	0.6138	0.1658	0.2098	0.9424	0.5298	0.4612	0.0000	0.4841	0.0000	0.0000	0.3916	0.0189	0.1238	0.1737	0.2339
0.7256	0.8540	0.2595	0.9834	0.5669	0.3459	0.7769	0.8662	0.0000	0.9741	0.6377	0.0610	0.1133	0.0000	0.7114	0.0112	0.3445	0.0000	0.3750	0.0532	0.9033	0.2817	0.7041	0.3020	0.0000	0.1681	0.5244	0.2637	0.2004	0.1857	0.7642	0.8213	0.5322	0.4045	0.9985	0.4355	0.8970	0.1283	0.5522	0.5596	0.0505	0.2612	0.3452	0.0000	0.3186	0.9487	0.8530	0.4177	0.1387	0.6377	0.2727	0.3572	0.2098	0.3430	0.9907	0.2827	0.2908	0.0223	0.3633	0.4951	0.7603	0.6006	0.2322	0.9888	0.5596	0.5464	0.1804	0.4846	0.5493	0.1917	0.1849	0.0000	0.0000	0.5679	0.3206	0.5054	0.7437	0.7446	0.0000	0.1959	0.8413	0.0000	0.8242	0.8721	0.2240	0.0000	0.6460	0.2422	0.7183	0.5723	0.9097	0.6162	0.4238	0.8423	0.5659	0.3787	0.6650	0.7202	0.7607	0.9229
0.8008	0.6099	0.2927	0.2108	0.9775	0.8188	0.1761	0.6182	0.4683	0.0000	0.0000	0.7026	0.5933	0.0549	0.1001	0.5947	0.4082	0.3594	0.6118	0.5669	0.3118	0.0000	0.1089	0.0291	0.0000	0.6973	0.9854	0.1609	0.5186	0.5273	0.2764	0.0000	0.5840	0.9434	0.4246	0.8867	0.2025	0.5430	0.6230	0.0499	0.2335	0.5986	0.8979	0.3186	0.0000	0.0000	0.1755	0.3838	0.1555	0.9199	0.0000	0.0000	0.1152	0.5288	0.0000	0.5420	0.6636	0.0000	0.1660	0.2312	0.0659	0.3237	0.0595	0.0000	0.1250	0.1437	0.8550	0.0000	0.7690	0.3972	0.3921	0.9326	0.9932	0.8843	0.1646	0.1952	0.5649	0.2676	0.3809	0.0426	0.0000	0.0000	0.4812	0.0000	0.9668	0.0807	0.7583	0.8857	0.8652	0.2122	0.6201	0.0011	0.7485	0.2373	0.7173	0.2045	0.4719	0.2666	0.1595	0.7422
0.8442	0.6436	0.7734	0.1575	0.0177	0.3267	0.1891	0.3044	0.8813	0.1912	0.7163	0.3289	0.9316	0.3704	0.1876	0.9790	0.6792	0.0280	0.0081	0.7944	0.9834	0.3242	0.9868	0.2432	0.0378	0.0941	0.1970	0.0000	0.0123	0.5562	0.7085	0.0620	0.5186	0.7969	0.4126	0.0000	0.4629	0.3953	0.0230	0.7578	0.4219	0.0831	0.4387	0.9487	0.0000	0.0000	0.0000	0.2761	0.3896	0.9902	0.0000	0.8062	0.3755	0.0722	0.5435	0.0000	0.4338	0.0010	0.1191	0.1960	0.0000	0.1238	0.6494	0.0000	0.6577	0.0000	0.6167	0.1642	0.0083	0.6421	0.3765	0.0455	0.6348	0.5405	0.1537	0.6318	0.4800	0.9541	0.9946	0.3938	0.0989	0.0000	0.9873	0.0000	0.4470	0.2456	0.0000	0.0000	0.6055	0.1678	0.9351	0.4453	0.9736	0.6396	0.1923	0.0000	0.8823	0.4297	0.4382	0.0750
0.8198	0.0425	0.2937	0.0000	0.3560	0.0000	0.3762	0.0414	0.0825	0.3213	0.8770	0.5688	0.0814	0.1146	0.0629	0.0000	0.0988	0.9912	0.7988	0.6943	0.6416	0.6768	0.6577	0.7407	0.6606	0.0570	0.2185	0.4041	0.8213	0.9053	0.1757	0.0000	0.5459	0.4011	0.6606	0.1076	0.2247	0.7188	0.0000	0.1295	0.2341	0.4961	0.6362	0.8530	0.1755	0.0000	0.0000	0.6616	0.1542	0.8374	0.4331	0.1897	0.3909	0.0993	0.4363	0.7827	0.8223	0.9712	0.7568	0.5786	0.2842	0.1896	0.0437	0.7563	0.2510	0.0000	0.4963	0.0865	0.8218	0.7896	0.1416	0.0837	0.0000	0.1826	0.4912	0.4231	0.0411	0.8901	0.8989	0.0000	0.4866	0.2025	0.1675	0.2231	0.8594	0.3879	0.0000	0.6997	0.6992	0.6128	0.4006	0.7905	0.7202	0.8599	0.9082	0.6802	0.0547	0.2656	0.0573	0.2131
0.0000	0.0348	0.9233	0.1991	0.0804	0.8027	0.2839	0.4468	0.2150	0.0000	0.3032	0.0311	0.4285	0.5039	0.5713	0.6138	0.8218	0.4253	0.6958	0.5513	0.3723	0.9253	0.8774	0.0771	0.0000	0.0000	0.3132	0.8706	0.9395	0.1833	0.6958	0.3037	0.1741	0.3047	0.0749	0.8481	0.0285	0.8218	0.0000	0.4724	0.1412	0.9448	0.4890	0.4177	0.3838	0.2761	0.6616	0.0000	0.2146	0.6240	0.1956	0.0368	0.0000	0.3076	0.0000	0.7554	0.6226	0.5303	0.9746	0.0258	0.6768	0.1453	0.1575	0.6392	0.0468	0.8594	0.2395	0.1970	0.0310	0.2437	0.2288	0.1453	0.0571	0.5493	0.4353	0.0350	0.9102	0.7466	0.2206	0.5713	0.9736	0.6909	0.2808	0.9282	0.0000	0.3689	0.2917	0.1072	0.7910	0.5244	0.4004	0.5576	0.0000	0.5947	0.8604	0.0000	0.6274	0.1113	0.0000	0.7202
0.4668	0.9351	0.7065	0.3726	0.0644	0.6987	0.9307	0.9834	0.0000	0.9131	0.5391	0.1539	0.5083	0.0000	0.2169	0.9614	0.8071	0.3691	0.2876	0.0327	0.5762	0.9326	0.0000	0.2954	0.0976	0.9072	0.7754	0.8657	0.7588	0.0000	0.3491	0.4639	0.0343	0.1953	0.8091	0.4248	0.7788	0.9937	0.2152	0.0960	0.0049	0.9688	0.4636	0.1387	0.1555	0.3896	0.1542	0.2146	0.0000	0.2783	0.9614	0.0452	0.8042	0.1938	0.6362	0.6294	0.8252	0.9658	0.8540	0.0482	0.6831	0.9707	0.9238	0.4534	0.1722	0.8647	0.0000	0.9526	0.1720	0.1401	0.9839	0.2360	0.1245	0.2524	0.9995	0.1758	0.0542	0.8921	0.6987	0.0469	0.1411	0.0059	0.6626	0.9326	0.0317	0.0128	0.0000	0.1798	0.0396	0.0450	0.4780	0.9497	0.0000	0.4500	0.2705	0.4822	0.8438	0.9023	0.7910	0.0000
0.4829	0.4773	0.8667	0.0000	0.1771	0.9609	0.9531	0.7466	0.6006	0.2996	0.4043	0.0000	0.0857	0.0000	0.3184	0.0000	0.2063	0.6724	0.7646	0.1683	0.7051	0.0000	0.8257	0.8115	0.0000	0.5610	0.7246	0.8125	0.5420	0.9795	0.6787	0.1594	0.0000	0.6138	0.6304	0.8296	0.8374	0.8525	0.7476	0.0000	0.0000	0.7666	0.4939	0.6377	0.9199	0.9902	0.8374	0.6240	0.2783	0.0000	0.0000	0.0000	0.5620	0.6128	0.2233	0.7637	0.4141	0.0227	0.7759	0.7148	0.4385	0.7241	0.0000	0.3933	0.1478	0.1775	0.1752	0.0000	0.0000	0.3176	0.0000	0.2179	0.6938	0.0982	0.7402	0.0000	0.9146	0.0294	0.9185	0.0000	0.3167	0.6675	0.7925	0.1298	0.6162	0.3484	0.7305	0.8530	0.0000	0.1600	0.0000	0.4146	0.4417	0.1693	0.3616	0.7739	0.2649	0.9673	0.9644	0.3540
0.0818	0.4587	0.8472	0.3113	0.0000	0.7256	0.5479	0.1736	0.1403	0.9375	0.3171	0.1965	0.3560	0.2747	0.3911	0.2310	0.7021	0.8203	0.2676	0.9526	0.0000	0.5737	0.9937	0.0988	0.4929	0.0551	0.8037	0.2256	0.1986	0.0757	0.9854	0.5791	0.8740	0.8506	0.6333	0.0000	0.4653	0.0370	0.3735	0.3889	0.4673	0.3726	0.6318	0.2727	0.0000	0.0000	0.4331	0.1956	0.9614	0.0000	0.0000	0.3550	0.6602	0.1654	0.0000	0.5767	0.2754	0.1748	0.5283	0.2620	0.2441	0.6323	0.2061	0.6743	0.0000	0.6797	0.6543	0.6685	0.3147	0.0000	0.1718	0.3687	0.0039	0.0124	0.0000	0.5986	0.7554	0.9834	0.6997	0.9443	0.9902	0.9058	0.0000	0.6812	0.9858	0.0842	0.5752	0.0886	0.1038	0.1803	0.3608	0.8843	0.2203	0.3694	0.4155	0.5474	0.4377	0.8418	0.8096	0.9155
0.7539	0.4670	0.6729	0.5938	0.5737	0.6226	0.4133	0.5601	0.2487	0.7324	0.1348	0.8271	0.9463	0.7100	0.0000	0.7178	0.6030	0.4629	0.9209	0.6616	0.9990	0.2820	0.1664	0.9370	0.1571	0.4980	0.2622	0.4065	0.4983	0.1086	0.5786	0.2098	0.5459	0.0295	0.8691	0.0000	0.0000	0.7114	0.0403	0.3792	0.4919	0.5498	0.5728	0.3572	0.0000	0.8062	0.1897	0.0368	0.0452	0.0000	0.3550	0.0000	0.5327	0.9253	0.7051	0.7534	0.4592	0.5737	0.3865	0.3574	0.8945	0.1064	0.4470	0.1160	0.7764	0.7866	0.4812	0.4595	0.0000	0.1895	0.8232	0.3745	0.7471	0.3997	0.0000	0.5181	0.0000	0.0000	0.0313	0.5254	0.0771	0.6221	0.0000	0.9155	0.0144	0.4851	0.3132	0.8262	0.0000	0.8623	0.1727	0.3306	0.2433	0.0319	0.2942	0.9341	0.0247	0.9897	0.6729	0.4470
0.9062	0.4292	0.5303	0.4602	0.5771	0.2142	0.1461	0.8091	0.2395	0.0000	0.8809	0.6099	0.0000	0.0556	0.1715	0.5542	0.5874	0.7129	0.2058	0.4609	0.8687	0.8467	0.0702	0.2207	0.8613	0.4644	0.3921	0.4470	0.3989	0.0000	0.3733	0.2925	0.6118	0.0388	0.0000	0.4307	0.0000	0.0344	0.7075	0.7466	0.0000	0.5757	0.1022	0.2098	0.1152	0.3755	0.3909	0.0000	0.8042	0.5620	0.6602	0.5327	0.0000	0.6235	0.3147	0.3223	0.1309	0.8062	0.9541	0.7739	0.5576	0.6133	0.8682	0.3171	0.6440	0.1752	0.9849	0.0415	0.8037	0.0173	0.5542	0.9873	0.1381	0.6636	0.0000	0.9927	0.5356	0.0000	0.4534	0.2637	0.3345	0.1042	0.4202	0.6382	0.4331	0.0368	0.6182	0.9741	0.8745	0.5410	0.0076	0.1147	0.3882	0.9844	0.7046	0.2932	0.4341	0.3594	0.4409	0.4363
0.9541	0.4058	0.9097	0.5742	0.1936	0.2001	0.9829	0.6807	0.0000	0.2488	0.6069	0.4675	0.0000	0.9819	0.2922	0.4058	0.0596	0.7437	0.7632	0.0115	0.8936	0.1952	0.0209	0.7627	0.3518	0.0242	0.3176	0.7153	0.6040	0.0027	0.4348	0.5884	0.9951	0.4578	0.0000	0.3843	0.4517	0.0000	0.0651	0.6045	0.9487	0.5410	0.3403	0.3430	0.5288	0.0722	0.0993	0.3076	0.1938	0.6128	0.1654	0.9253	0.6235	0.0000	0.0853	0.5894	0.2966	0.2920	0.0663	0.6733	0.1022	0.6797	0.7256	0.5303	0.7622	0.7739	0.0000	0.7759	0.1826	0.8555	0.9502	0.5225	0.0175	0.7896	0.9775	0.5679	0.5205	0.0916	0.4580	0.0000	0.2152	0.3679	0.1112	0.2328	0.9331	0.9810	0.1655	0.9688	0.2028	0.2617	0.9268	0.6104	0.0000	0.2598	0.0466	0.3276	0.4817	0.4451	0.0485	0.4651
0.9478	0.1038	0.1991	0.0000	0.0000	0.3892	0.2971	0.4983	0.8589	0.7017	0.0000	0.2263	0.1683	0.0000	0.2793	0.0000	0.0000	0.1104	0.0389	0.5488	0.9995	0.8970	0.0000	0.3616	0.3237	0.4924	0.8276	0.3872	0.7241	0.7710	0.3679	0.5732	0.3254	0.4036	0.5996	0.0629	0.6406	0.0000	0.6284	0.0000	0.1476	0.5981	0.4565	0.9907	0.0000	0.5435	0.4363	0.0000	0.6362	0.2233	0.0000	0.7051	0.3147	0.0853	0.0000	0.3613	0.3440	0.1963	0.8130	0.1525	0.9092	0.8677	0.8511	0.4111	0.2644	0.0000	0.6782	0.6670	0.1234	0.2252	0.7383	0.0000	0.4739	0.1379	0.5610	0.5156	0.3533	0.2830	0.7554	0.1621	0.3677	0.8013	0.2158	0.0471	0.2595	0.3333	0.1841	0.0000	0.2839	0.6079	0.3799	0.2031	0.7007	0.3572	0.6929	0.4912	0.2839	0.0000	0.8833	0.2571
0.4595	0.2849	0.5718	0.7334	0.0000	0.7739	0.6499	0.0000	0.3611	0.1571	0.1597	0.0596	0.5757	0.0000	0.8818	0.5820	0.9937	0.7334	0.7710	0.8423	0.7446	0.2820	0.5039	0.4497	0.1857	0.2834	0.2001	0.0014	0.9624	0.3650	0.0000	0.2866	0.8872	0.0000	0.3186	0.1824	0.4324	0.9478	0.0911	0.0000	0.8882	0.9341	0.6831	0.2827	0.5420	0.0000	0.7827	0.7554	0.6294	0.7637	0.5767	0.7534	0.3223	0.5894	0.3613	0.0000	0.4438	0.6519	0.7749	0.2050	0.0000	0.3828	0.7988	0.0000	0.5571	0.1117	0.3877	0.7681	0.2249	0.0667	0.0345	0.6333	0.6401	0.0000	0.7271	0.7812	0.7007	0.9746	0.8296	0.2971	0.7583	0.2566	0.6553	0.0000	0.5952	0.3896	0.0000	0.0000	0.0349	0.8643	0.9727	0.8174	0.2776	0.0385	0.0000	0.7759	0.0000	0.2356	0.8774	0.7295
0.7554	0.2301	0.5229	0.6270	0.6699	0.7085	0.5850	0.7231	0.5220	0.0000	0.0000	0.0000	0.4993	0.3386	0.2283	0.6953	0.2214	0.7627	0.1149	0.2258	0.5039	0.1422	0.0002	0.3230	0.5908	0.7305	0.6816	0.1899	0.0000	0.7324	0.1236	0.2805	0.6343	0.5454	0.1892	0.6875	0.0000	0.3669	0.9233	0.1333	0.4644	0.4768	0.3877	0.2908	0.6636	0.4338	0.8223	0.6226	0.8252	0.4141	0.2754	0.4592	0.1309	0.2966	0.3440	0.4438	0.0000	0.6802	0.3391	0.0000	0.4539	0.0000	0.9937	0.7524	0.3813	0.0961	0.5444	0.9434	0.6821	0.7593	0.7896	0.9365	0.0000	0.9180	0.4436	0.0163	0.4255	0.0319	0.9663	0.3188	0.1880	0.8062	0.7646	0.4739	0.4775	0.0000	0.6587	0.6523	0.7744	0.7139	0.1693	0.5884	0.6743	0.3499	0.8569	0.3303	0.2119	0.1212	0.0000	0.1180
